version https://git-lfs.github.com/spec/v1
oid sha256:766e5244e504269652364b3d0736cc104922ee237195ca53d99ce0147c195b47
size 293611
